    3.475      2000         0
    3.359      2000         0
    3.877      2000         0
        4      2500         0
    3.618      2500         0
    2.644      2500         0
    4.575      3000         0
      8.6      3000         0
    6.952      3000         1
    4.349      3000         1
      7.1      3000         1
    2.917      2500         1
     3.82      2500         1
    5.901      2500         1
    6.504      2000         1
    4.973      2000         1
    8.279      2000         1
    7.627      2000         0
    5.935      2000         0
    6.409      2000         0
    5.288      2500         0
   10.741      2500         0
     6.06      2500         0
   16.135      3000         0
   21.288      3000         0
   22.836      3000         0
    9.193      3000         1
    4.599      3000         1
    9.962      3000         1
    9.287      2500         1
   29.134      2500         1
   10.592      2500         1
    6.593      2000         1
    2.729      2000         1
    5.989      2000         1
    4.559      2000         0
   24.382      2000         0
    6.309      2000         0
    5.855      2500         0
    3.246      2500         0
    4.927      2500         0
        3      3000         0
     4.22      3000         0
    3.029      3000         0
     4.53      3000         1
    3.088      3000         1
    9.544      3000         1
   11.618      2500         1
    7.692      2500         1
    6.877      2500         1
    7.409      2000         1
     3.38      2000         1
    3.562      2000         1
    5.761      2000         0
     4.31      2000         0
    5.964      2000         0
    5.201      2500         0
    5.245      2500         0
    6.171      2500         0
    3.752      3000         0
    3.216      3000         0
    5.209      3000         0
    2.631      3000         1
    4.194      3000         1
    5.504      3000         1
    5.413      2500         1
    7.181      2500         1
    6.589      2500         1
    6.182      2000         1
    3.706      2000         1
